>>> GRASP + VNS and VND
>>> BEST SOLUTION
Number of vertices
  101
Minimum prize (alpha = 0.75)
  3903

Travel
  (0,96) (96,50) (50,78) (78,11) (11,89) (89,9) (9,60) (60,25) (25,49) (49,8) (8,42) (42,18) (18,10) (10,38) (38,52) (52,91) (91,81) (81,19) (19,20) (20,7) (7,72) (72,88) (88,79) (79,74) (74,40) (40,82) (82,46) (46,99) (99,12) (12,58) (58,15) (15,32) (32,77) (77,16) (16,98) (98,26) (26,86) (86,68) (68,6) (6,36) (36,13) (13,93) (93,59) (59,5) (5,37) (37,55) (55,30) (30,71) (71,87) (87,39) (39,84) (84,75) (75,83) (83,34) (34,41) (41,100) (100,94) (94,51) (51,22) (22,56) (56,27) (27,24) (24,97) (97,43) (43,66) (66,3) (3,80) (80,92) (92,90) (90,53) (53,33) (33,69) (69,65) (65,2) (2,23) (23,44) (44,63) (63,76) (76,31) (31,1) (1,48) (48,14) (14,64) (64,4) (4,85) (85,35) (35,67) (67,54) (54,73) (73,61) (61,95) (95,17) (17,21) (21,62) (62,0) 
Total prizes
  4921
Total penalties
  7424
Average execution time on 20 executions (ms)
  130089
This solution was achieved on 1 out of 20 executions
>>> WORST SOLUTION
Total penalties
 7874
