>>> GRASP + VNS and VND
>>> BEST SOLUTION
Number of vertices
  101
Minimum prize (alpha = 0.75)
  3717

Travel
  (0,85) (85,87) (87,45) (45,38) (38,96) (96,66) (66,35) (35,40) (40,99) (99,25) (25,58) (58,91) (91,47) (47,79) (79,23) (23,27) (27,46) (46,67) (67,33) (33,72) (72,21) (21,93) (93,41) (41,17) (17,22) (22,90) (90,28) (28,39) (39,19) (19,84) (84,20) (20,82) (82,29) (29,54) (54,60) (60,7) (7,65) (65,70) (70,30) (30,36) (36,6) (6,5) (5,37) (37,18) (18,86) (86,61) (61,31) (31,92) (92,12) (12,16) (16,55) (55,73) (73,52) (52,34) (34,88) (88,42) (42,59) (59,57) (57,68) (68,8) (8,43) (43,83) (83,69) (69,24) (24,3) (3,81) (81,14) (14,97) (97,26) (26,98) (98,10) (10,80) (80,56) (56,9) (9,13) (13,74) (74,1) (1,78) (78,50) (50,53) (53,71) (71,63) (63,48) (48,32) (32,15) (15,77) (77,51) (51,94) (94,49) (49,95) (95,76) (76,62) (62,4) (4,0) 
Total prizes
  4566
Total penalties
  7396
Average execution time on 20 executions (ms)
  122888
This solution was achieved on 1 out of 20 executions
>>> WORST SOLUTION
Total penalties
 8142
