>>> GRASP + VNS and VND
>>> BEST SOLUTION
Number of vertices
  251
Minimum prize (alpha = 0.75)
  9024.75

Travel
  (0,248) (248,14) (14,162) (162,202) (202,76) (76,88) (88,42) (42,201) (201,139) (139,175) (175,131) (131,120) (120,119) (119,46) (46,152) (152,56) (56,17) (17,228) (228,106) (106,121) (121,33) (33,199) (199,31) (31,225) (225,79) (79,101) (101,143) (143,84) (84,250) (250,195) (195,80) (80,174) (174,189) (189,218) (218,12) (12,138) (138,239) (239,51) (51,19) (19,5) (5,92) (92,89) (89,97) (97,234) (234,63) (63,71) (71,104) (104,113) (113,110) (110,190) (190,149) (149,66) (66,75) (75,100) (100,129) (129,224) (224,44) (44,69) (69,156) (156,132) (132,184) (184,240) (240,59) (59,22) (22,170) (170,6) (6,24) (24,206) (206,98) (98,11) (11,1) (1,213) (213,87) (87,186) (186,244) (244,43) (43,130) (130,34) (34,243) (243,81) (81,246) (246,136) (136,235) (235,140) (140,23) (23,160) (160,150) (150,183) (183,99) (99,29) (29,187) (187,112) (112,52) (52,78) (78,166) (166,227) (227,50) (50,147) (147,111) (111,61) (61,27) (27,179) (179,77) (77,103) (103,105) (105,192) (192,74) (74,180) (180,16) (16,171) (171,193) (193,10) (10,182) (182,155) (155,134) (134,108) (108,154) (154,95) (95,226) (226,173) (173,245) (245,177) (177,216) (216,203) (203,15) (15,198) (198,204) (204,7) (7,124) (124,49) (49,233) (233,196) (196,58) (58,241) (241,236) (236,94) (94,114) (114,102) (102,82) (82,30) (30,47) (47,64) (64,188) (188,8) (8,249) (249,157) (157,167) (167,159) (159,146) (146,41) (41,117) (117,209) (209,161) (161,25) (25,26) (26,91) (91,96) (96,54) (54,214) (214,123) (123,172) (172,210) (210,205) (205,247) (247,230) (230,53) (53,165) (165,125) (125,36) (36,222) (222,86) (86,169) (169,144) (144,72) (72,208) (208,13) (13,115) (115,221) (221,20) (20,229) (229,21) (21,67) (67,55) (55,68) (68,73) (73,176) (176,219) (219,231) (231,238) (238,197) (197,181) (181,135) (135,39) (39,118) (118,145) (145,185) (185,141) (141,168) (168,242) (242,93) (93,37) (37,2) (2,45) (45,127) (127,60) (60,57) (57,223) (223,158) (158,137) (137,62) (62,32) (32,70) (70,133) (133,128) (128,122) (122,191) (191,40) (40,85) (85,142) (142,207) (207,217) (217,194) (194,9) (9,109) (109,90) (90,237) (237,83) (83,212) (212,126) (126,28) (28,116) (116,220) (220,48) (48,3) (3,211) (211,153) (153,18) (18,215) (215,163) (163,0) 
Total prizes
  11666
Total penalties
  15769
Average execution time on 20 executions (ms)
  908952
This solution was achieved on 1 out of 20 executions
>>> WORST SOLUTION
Total penalties
 16722
