>>> GENETIC ALGORITHM
>>> BEST SOLUTION
Number of vertices
  101
Minimum prize (alpha = 0.75)
  3903

Travel
  (0,89) (89,17) (17,86) (86,96) (96,39) (39,6) (6,68) (68,98) (98,16) (16,77) (77,99) (99,34) (34,51) (51,84) (84,72) (72,7) (7,24) (24,38) (38,41) (41,44) (44,23) (23,43) (43,88) (88,78) (78,8) (8,93) (93,36) (36,71) (71,4) (4,12) (12,58) (58,100) (100,50) (50,33) (33,15) (15,63) (63,31) (31,53) (53,76) (76,52) (52,40) (40,74) (74,81) (81,30) (30,26) (26,48) (48,3) (3,25) (25,9) (9,90) (90,66) (66,67) (67,21) (21,19) (19,5) (5,85) (85,27) (27,56) (56,55) (55,42) (42,32) (32,75) (75,11) (11,37) (37,61) (61,95) (95,59) (59,87) (87,82) (82,46) (46,65) (65,2) (2,22) (22,80) (80,73) (73,64) (64,14) (14,91) (91,62) (62,0) 
Total prizes
  3912
Total penalties
  12568
Average execution time on 50 executions (ms)
  36220
This solution was achieved on 1 out of 50 executions
>>> WORST SOLUTION
Total penalties
 15666
