>>> GENETIC ALGORITHM
>>> BEST SOLUTION
Number of vertices
  101
Minimum prize (alpha = 0.75)
  3717

Travel
  (0,27) (27,86) (86,76) (76,34) (34,99) (99,40) (40,73) (73,63) (63,7) (7,32) (32,48) (48,31) (31,97) (97,26) (26,62) (62,33) (33,35) (35,5) (5,90) (90,29) (29,88) (88,81) (81,14) (14,51) (51,96) (96,13) (13,28) (28,70) (70,22) (22,47) (47,49) (49,24) (24,69) (69,83) (83,61) (61,30) (30,36) (36,60) (60,98) (98,92) (92,12) (12,78) (78,9) (9,66) (66,71) (71,53) (53,50) (50,79) (79,23) (23,55) (55,85) (85,37) (37,42) (42,67) (67,16) (16,1) (1,74) (74,21) (21,93) (93,43) (43,56) (56,84) (84,91) (91,94) (94,52) (52,58) (58,20) (20,68) (68,57) (57,72) (72,15) (15,77) (77,3) (3,10) (10,80) (80,4) (4,0) 
Total prizes
  3729
Total penalties
  13192
Average execution time on 50 executions (ms)
  32199
This solution was achieved on 1 out of 50 executions
>>> WORST SOLUTION
Total penalties
 16486
