>>> GENETIC ALGORITHM
>>> BEST SOLUTION
Number of vertices
  251
Minimum prize (alpha = 0.75)
  9024.75

Travel
  (0,198) (198,136) (136,235) (235,79) (79,184) (184,68) (68,48) (48,74) (74,227) (227,45) (45,248) (248,211) (211,233) (233,31) (31,191) (191,122) (122,210) (210,119) (119,121) (121,12) (12,28) (28,76) (76,226) (226,173) (173,10) (10,236) (236,23) (23,250) (250,195) (195,165) (165,53) (53,160) (160,61) (61,169) (169,203) (203,216) (216,179) (179,220) (220,83) (83,29) (29,126) (126,120) (120,99) (99,112) (112,141) (141,168) (168,101) (101,182) (182,197) (197,71) (71,156) (156,42) (42,88) (88,167) (167,77) (77,202) (202,50) (50,5) (5,131) (131,229) (229,102) (102,34) (34,158) (158,67) (67,223) (223,78) (78,142) (142,139) (139,123) (123,57) (57,149) (149,17) (17,189) (189,174) (174,176) (176,219) (219,55) (55,246) (246,18) (18,11) (11,146) (146,33) (33,89) (89,124) (124,245) (245,86) (86,214) (214,247) (247,161) (161,221) (221,138) (138,15) (15,84) (84,27) (27,20) (20,9) (9,225) (225,14) (14,66) (66,132) (132,106) (106,154) (154,44) (44,239) (239,192) (192,30) (30,95) (95,144) (144,87) (87,213) (213,26) (26,22) (22,230) (230,7) (7,152) (152,56) (56,215) (215,228) (228,153) (153,100) (100,94) (94,204) (204,183) (183,80) (80,212) (212,36) (36,58) (58,241) (241,104) (104,32) (32,181) (181,150) (150,114) (114,237) (237,90) (90,244) (244,186) (186,103) (103,105) (105,93) (93,40) (40,249) (249,157) (157,111) (111,64) (64,170) (170,60) (60,194) (194,98) (98,82) (82,205) (205,201) (201,145) (145,2) (2,37) (37,134) (134,13) (13,208) (208,188) (188,41) (41,51) (51,52) (52,196) (196,143) (143,8) (8,81) (81,147) (147,128) (128,190) (190,218) (218,24) (24,6) (6,172) (172,129) (129,54) (54,243) (243,163) (163,0) 
Total prizes
  9027
Total penalties
  33749
Average execution time on 50 executions (ms)
  168810
This solution was achieved on 1 out of 50 executions
>>> WORST SOLUTION
Total penalties
 43027
